4 4
4 5
4 40
4 55
4 57
4 61
4 62
4 66
4 67
4 68
4 69
4 85
4 90
4 99
4 110
4 125
4 126
4 132
4 133
4 194
4 251
4 265
4 268
4 269
4 275
4 283
4 294
4 295
4 296
4 303
4 306
4 311
4 312
4 317
4 327
4 335
4 336
4 354
4 355
4 365
4 374
4 430
4 433
4 438
4 439
4 441
4 445
4 446
4 471
4 477
4 478
4 485
4 497
4 504
4 505
4 513
4 515
4 520
4 521
4 531
4 532
4 552
6 5
6 13
6 14
6 15
6 16
6 18
6 19
6 44
6 45
6 77
6 82
6 100
6 112
6 118
6 145
6 157
6 158
6 173
6 186
6 193
6 210
6 211
6 242
6 245
6 246
6 247
6 284
6 291
6 301
6 306
6 310
6 333
6 334
6 365
6 380
6 381
6 382
6 383
6 392
6 393
6 413
6 414
6 415
6 421
6 425
6 462
6 468
6 469
6 496
6 507
6 523
6 524
8 8
8 14
8 15
8 20
8 52
8 55
8 68
8 70
8 74
8 75
8 82
8 83
8 93
8 94
8 97
8 132
8 133
8 145
8 174
8 178
8 210
8 216
8 217
8 252
8 276
8 289
8 290
8 299
8 301
8 311
8 326
8 337
8 340
8 345
8 347
8 357
8 364
8 385
8 413
8 414
8 437
8 439
8 440
8 441
8 442
8 450
8 459
8 468
8 469
8 470
8 490
8 516
8 529
8 532
8 534
8 541
8 542
12 30
12 34
12 35
12 46
12 48
12 58
12 76
12 77
12 78
12 93
12 122
12 128
12 129
12 130
12 136
12 137
12 145
12 150
12 161
12 162
12 169
12 170
12 191
12 192
12 215
12 227
12 228
12 254
12 262
12 292
12 311
12 312
12 313
12 314
12 343
12 355
12 380
12 381
12 382
12 383
12 385
12 392
12 394
12 395
12 396
12 406
12 414
12 427
12 457
12 461
12 462
12 463
12 492
12 496
12 498
12 514
12 515
12 531
12 536
12 547
12 558
12 562
12 563
12 564
12 565
14 3
14 4
14 5
14 6
14 29
14 50
14 51
14 52
14 57
14 58
14 59
14 60
14 75
14 76
14 77
14 101
14 112
14 113
14 115
14 122
14 135
14 143
14 144
14 151
14 158
14 198
14 207
14 217
14 248
14 249
14 253
14 254
14 274
14 283
14 287
14 288
14 289
14 296
14 305
14 306
14 321
14 322
14 325
14 335
14 380
14 409
14 411
14 412
14 440
14 458
14 461
14 462
14 463
14 464
14 482
14 483
14 484
14 491
14 492
14 504
14 538
14 549
14 558
14 559
14 560
14 562
16 13
16 27
16 28
16 35
16 36
16 43
16 57
16 85
16 118
16 134
16 157
16 172
16 176
16 179
16 195
16 196
16 200
16 207
16 208
16 209
16 225
16 230
16 244
16 247
16 253
16 254
16 265
16 274
16 278
16 287
16 297
16 310
16 349
16 350
16 351
16 358
16 384
16 403
16 409
16 425
16 432
16 435
16 436
16 437
16 438
16 491
16 504
16 505
16 506
16 516
16 540
16 546
16 547
16 549
16 561
16 563
16 564
18 12
18 28
18 39
18 57
18 58
18 83
18 89
18 98
18 158
18 179
18 213
18 214
18 245
18 246
18 249
18 256
18 260
18 275
18 276
18 277
18 278
18 279
18 293
18 331
18 333
18 334
18 341
18 347
18 349
18 388
18 428
18 429
18 431
18 433
18 434
18 439
18 448
18 451
18 458
18 485
18 505
18 507
18 508
18 509
18 510
18 519
18 552
20 3
20 4
20 5
20 23
20 40
20 41
20 42
20 43
20 68
20 72
20 73
20 123
20 146
20 155
20 156
20 161
20 165
20 174
20 180
20 189
20 199
20 229
20 237
20 238
20 242
20 255
20 256
20 278
20 279
20 301
20 302
20 303
20 304
20 305
20 306
20 331
20 332
20 339
20 362
20 370
20 390
20 396
20 400
20 401
20 402
20 403
20 409
20 426
20 427
20 430
20 431
20 447
20 448
20 460
20 461
20 469
20 472
20 473
20 500
20 508
20 535
22 3
22 4
22 12
22 28
22 36
22 53
22 54
22 73
22 74
22 76
22 77
22 78
22 84
22 89
22 112
22 113
22 116
22 130
22 137
22 170
22 173
22 182
22 183
22 184
22 185
22 186
22 187
22 188
22 198
22 199
22 200
22 204
22 229
22 232
22 234
22 278
22 285
22 304
22 305
22 306
22 340
22 341
22 374
22 382
22 393
22 395
22 409
22 414
22 415
22 457
22 458
22 459
22 472
22 515
22 531
22 554
24 65
26 214
26 314
28 16
28 38
28 47
28 49
28 51
28 52
28 53
28 54
28 67
28 87
28 89
28 91
28 101
28 115
28 116
28 125
28 126
28 133
28 134
28 135
28 136
28 153
28 175
28 191
28 193
28 197
28 198
28 205
28 211
28 212
28 216
28 221
28 222
28 223
28 229
28 263
28 277
28 326
28 378
28 388
28 398
28 399
28 413
28 414
28 415
28 416
28 418
28 444
28 457
28 466
28 487
28 507
28 512
28 513
28 514
28 532
28 556
28 558
28 559
28 562
28 563
28 564
28 566
30 35
30 41
30 48
30 52
30 53
30 68
30 71
30 87
30 100
30 101
30 102
30 110
30 115
30 116
30 123
30 133
30 169
30 187
30 195
30 205
30 219
30 220
30 224
30 225
30 237
30 258
30 259
30 260
30 264
30 266
30 272
30 302
30 303
30 317
30 326
30 351
30 375
30 397
30 398
30 408
30 414
30 436
30 437
30 438
30 443
30 444
30 452
30 453
30 458
30 504
30 514
30 527
30 539
30 555
30 557
32 8
32 26
32 27
32 29
32 49
32 71
32 81
32 93
32 95
32 110
32 111
32 114
32 129
32 134
32 146
32 147
32 148
32 149
32 179
32 180
32 185
32 195
32 205
32 213
32 215
32 224
32 225
32 238
32 243
32 250
32 260
32 278
32 300
32 323
32 339
32 350
32 390
32 398
32 407
32 412
32 414
32 470
32 495
32 499
32 514
32 516
32 524
34 3
34 5
34 33
34 39
34 40
34 49
34 50
34 51
34 52
34 65
34 67
34 69
34 81
34 107
34 122
34 123
34 124
34 132
34 159
34 160
34 161
34 171
34 199
34 201
34 202
34 203
34 215
34 221
34 224
34 227
34 244
34 269
34 270
34 276
34 317
34 318
34 329
34 333
34 338
34 340
34 349
34 350
34 390
34 407
34 411
34 422
34 467
34 470
34 478
34 495
34 496
34 498
34 515
34 517
34 553
34 560
36 13
36 18
36 29
36 147
36 156
36 157
36 160
36 166
36 273
36 274
36 284
36 289
36 290
36 292
36 334
36 351
36 353
36 411
36 438
36 461
36 466
36 468
36 469
36 471
36 472
36 474
36 475
36 476
36 500
36 509
36 516
36 517
36 534
36 542
36 543
36 544
38 7
38 19
38 23
38 24
38 37
38 40
38 59
38 60
38 72
38 92
38 93
38 100
38 110
38 117
38 159
38 263
38 305
38 329
38 335
38 373
38 374
38 376
38 389
38 401
38 403
38 404
38 425
38 450
38 453
38 457
38 461
38 466
38 500
38 532
38 541
38 542
40 19
40 25
40 33
40 43
40 73
40 75
40 84
40 92
40 115
40 116
40 117
40 118
40 129
40 157
40 164
40 194
40 208
40 215
40 223
40 232
40 247
40 268
40 311
40 321
40 329
40 331
40 336
40 340
40 381
40 382
40 424
40 426
40 439
40 441
40 443
40 452
40 453
40 461
40 462
40 463
40 487
40 493
40 500
40 507
40 538
40 539
40 545
40 560
40 561
42 15
42 40
42 43
42 52
42 53
42 74
42 75
42 82
42 97
42 99
42 100
42 101
42 116
42 117
42 122
42 126
42 127
42 128
42 129
42 144
42 172
42 173
42 174
42 189
42 198
42 204
42 217
42 232
42 250
42 251
42 257
42 258
42 259
42 260
42 266
42 289
42 291
42 309
42 331
42 332
42 335
42 340
42 366
42 417
42 419
42 425
42 435
42 474
42 566
44 17
44 28
44 29
44 31
44 42
44 46
44 48
44 52
44 53
44 66
44 73
44 78
44 117
44 128
44 144
44 163
44 179
44 188
44 190
44 191
44 192
44 194
44 217
44 218
44 289
44 290
44 291
44 312
44 313
44 340
44 341
44 376
44 382
44 419
44 435
44 436
44 457
44 458
44 459
44 461
44 476
44 490
44 499
44 504
44 506
44 542
44 543
44 562
46 15
46 29
46 40
46 52
46 57
46 61
46 78
46 79
46 80
46 102
46 103
46 104
46 105
46 130
46 131
46 132
46 138
46 152
46 156
46 170
46 182
46 186
46 191
46 192
46 193
46 194
46 195
46 196
46 201
46 208
46 209
46 245
46 250
46 266
46 273
46 278
46 335
46 336
46 340
46 346
46 376
46 406
46 411
46 415
46 425
46 433
46 437
46 438
46 459
46 471
46 472
46 513
46 523
46 525
46 537
46 550
46 559
46 564
46 566
48 8
48 41
48 42
48 103
48 116
48 138
48 163
48 164
48 168
48 191
48 198
48 208
48 209
48 214
48 220
48 238
48 267
48 273
48 274
48 279
48 280
48 331
48 332
48 340
48 343
48 344
48 349
48 350
48 370
48 372
48 383
48 401
48 414
48 415
48 429
48 430
48 431
48 432
48 439
48 441
48 464
48 482
48 491
48 501
48 505
48 508
48 515
48 527
48 536
48 539
48 550
52 14
52 15
52 16
52 18
52 19
52 36
52 41
52 51
52 73
52 85
52 87
52 90
52 122
52 142
52 153
52 154
52 155
52 165
52 196
52 216
52 219
52 230
52 242
52 258
52 259
52 260
52 281
52 282
52 283
52 312
52 326
52 332
52 341
52 342
52 343
52 364
52 365
52 376
52 401
52 408
52 411
52 412
52 428
52 455
52 460
52 466
52 467
52 471
52 486
52 487
52 489
52 490
52 491
52 493
52 497
52 501
52 513
52 517
52 518
52 519
52 528
54 36
54 37
54 38
54 39
54 50
54 81
54 82
54 96
54 97
54 122
54 123
54 127
54 128
54 132
54 133
54 143
54 145
54 149
54 153
54 154
54 160
54 161
54 162
54 166
54 180
54 181
54 182
54 185
54 186
54 187
54 206
54 207
54 216
54 238
54 243
54 258
54 294
54 295
54 296
54 297
54 303
54 305
54 310
54 311
54 324
54 329
54 341
54 346
54 351
54 357
54 358
54 362
54 375
54 376
54 384
54 387
54 388
54 389
54 397
54 398
54 399
54 426
54 427
54 428
54 429
54 465
54 471
54 475
54 476
54 486
54 488
54 500
54 550
54 552
54 564
56 8
56 14
56 29
56 59
56 63
56 74
56 94
56 97
56 98
56 99
56 108
56 109
56 134
56 135
56 149
56 154
56 181
56 183
56 236
56 263
56 264
56 273
56 295
56 296
56 312
56 329
56 372
56 376
56 382
56 383
56 396
56 401
56 406
56 412
56 416
56 417
56 445
56 455
56 484
56 497
56 498
56 507
56 515
56 532
56 534
56 559
56 560
58 4
58 5
58 6
58 7
58 14
58 18
58 19
58 20
58 21
58 38
58 46
58 73
58 74
58 79
58 80
58 128
58 133
58 134
58 135
58 137
58 143
58 150
58 151
58 155
58 162
58 163
58 181
58 194
58 206
58 218
58 229
58 230
58 275
58 277
58 284
58 288
58 300
58 332
58 334
58 351
58 364
58 365
58 388
58 389
58 402
58 403
58 404
58 405
58 409
58 410
58 438
58 455
58 456
58 461
58 511
58 532
60 6
60 22
60 23
60 29
60 30
60 52
60 56
60 57
60 58
60 67
60 73
60 123
60 125
60 128
60 129
60 130
60 150
60 161
60 162
60 177
60 195
60 197
60 198
60 209
60 221
60 230
60 248
60 271
60 275
60 276
60 296
60 303
60 323
60 336
60 337
60 345
60 346
60 351
60 362
60 371
60 387
60 402
60 403
60 410
60 411
60 412
60 436
60 437
60 448
60 460
60 462
60 463
60 475
60 476
60 499
60 504
60 505
60 510
60 547
62 6
62 34
62 35
62 36
62 41
62 57
62 58
62 59
62 87
62 88
62 96
62 99
62 106
62 112
62 113
62 114
62 132
62 146
62 156
62 205
62 206
62 215
62 216
62 217
62 218
62 219
62 226
62 230
62 231
62 259
62 278
62 279
62 304
62 308
62 321
62 347
62 348
62 349
62 351
62 357
62 358
62 385
62 402
62 403
62 415
62 416
62 435
62 436
62 437
62 438
62 497
62 517
62 519
62 521
62 529
62 530
62 543
62 556
62 562
64 14
64 16
64 17
64 26
64 34
64 39
64 44
64 56
64 58
64 89
64 91
64 92
64 116
64 117
64 118
64 123
64 124
64 125
64 131
64 133
64 134
64 135
64 136
64 155
64 156
64 157
64 173
64 189
64 203
64 204
64 219
64 221
64 227
64 234
64 235
64 269
64 277
64 280
64 281
64 293
64 295
64 315
64 321
64 325
64 326
64 327
64 329
64 331
64 332
64 333
64 335
64 336
64 337
64 357
64 371
64 372
64 373
64 384
64 400
64 438
64 450
64 452
64 453
64 473
64 492
64 493
64 510
64 511
64 512
64 519
64 520
64 521
64 522
64 523
64 524
64 525
64 535
64 536
64 537
64 538
64 539
64 544
64 545
64 547
64 548
64 549
64 557
64 558
64 559
64 563
66 14
66 15
66 19
66 20
66 30
66 35
66 36
66 37
66 43
66 44
66 77
66 79
66 85
66 108
66 124
66 129
66 132
66 133
66 142
66 143
66 149
66 170
66 184
66 185
66 196
66 235
66 245
66 257
66 261
66 265
66 266
66 272
66 274
66 281
66 282
66 284
66 301
66 302
66 303
66 304
66 330
66 332
66 333
66 336
66 337
66 343
66 344
66 345
66 362
66 387
66 392
66 394
66 400
66 404
66 405
66 409
66 423
66 447
66 449
66 450
66 451
66 452
66 453
66 460
66 494
66 496
66 504
66 509
66 512
66 520
66 526
66 560
66 561
66 563
68 15
68 21
68 37
68 50
68 69
68 83
68 101
68 106
68 107
68 108
68 124
68 142
68 143
68 144
68 153
68 161
68 165
68 170
68 201
68 211
68 212
68 255
68 281
68 284
68 292
68 293
68 325
68 326
68 327
68 350
68 378
68 380
68 414
68 436
68 437
68 446
68 447
68 508
68 530
68 549
70 5
70 6
70 7
70 15
70 20
70 33
70 45
70 46
70 79
70 80
70 81
70 88
70 99
70 115
70 124
70 130
70 154
70 155
70 156
70 161
70 162
70 163
70 165
70 177
70 209
70 232
70 256
70 281
70 292
70 315
70 316
70 317
70 318
70 349
70 355
70 357
70 358
70 380
70 384
70 385
70 386
70 401
70 424
70 426
70 428
70 434
70 455
70 456
70 458
70 468
70 474
70 484
70 489
70 490
70 518
70 519
70 520
70 531
70 542
70 552
72 20
72 35
72 36
72 37
72 53
72 58
72 59
72 61
72 78
72 79
72 82
72 88
72 101
72 104
72 108
72 109
72 153
72 160
72 161
72 162
72 171
72 183
72 187
72 196
72 200
72 223
72 224
72 231
72 233
72 238
72 250
72 258
72 260
72 261
72 276
72 277
72 294
72 298
72 302
72 307
72 308
72 310
72 318
72 319
72 329
72 337
72 338
72 339
72 340
72 356
72 363
72 386
72 399
72 401
72 421
72 424
72 425
72 426
72 427
72 435
72 443
72 455
72 464
72 499
72 512
72 518
72 519
72 526
72 546
72 547
72 548
72 549
72 554
72 558
74 501
78 8
78 23
78 49
78 50
78 56
78 57
78 116
78 117
78 137
78 144
78 162
78 194
78 207
78 208
78 210
78 297
78 298
78 299
78 300
78 305
78 313
78 324
78 325
78 329
78 357
78 368
78 382
78 407
78 424
78 430
78 439
78 454
78 465
78 478
78 503
78 518
78 534
78 535
78 536
78 537
78 561
80 28
80 30
80 34
80 35
80 48
80 49
80 56
80 79
80 84
80 85
80 116
80 117
80 137
80 138
80 146
80 147
80 178
80 180
80 181
80 182
80 183
80 195
80 196
80 201
80 203
80 208
80 254
80 270
80 313
80 329
80 330
80 362
80 365
80 370
80 377
80 404
80 421
80 425
80 429
80 438
80 443
80 457
80 458
80 459
80 468
80 493
80 494
80 495
80 496
80 500
80 501
80 503
80 504
80 524
80 545
80 546
80 549
80 562
82 5
82 12
82 16
82 49
82 52
82 111
82 114
82 124
82 138
82 146
82 153
82 203
82 209
82 237
82 245
82 249
82 268
82 276
82 289
82 290
82 305
82 306
82 328
82 362
82 364
82 383
82 389
82 390
82 398
82 412
82 464
82 484
82 486
82 493
82 512
82 565
82 566
84 8
84 21
84 26
84 27
84 43
84 44
84 51
84 53
84 61
84 66
84 67
84 101
84 102
84 126
84 128
84 134
84 163
84 164
84 165
84 166
84 200
84 211
84 236
84 244
84 245
84 246
84 256
84 257
84 259
84 273
84 302
84 316
84 317
84 318
84 320
84 327
84 334
84 337
84 339
84 340
84 342
84 352
84 353
84 365
84 397
84 408
84 449
84 460
84 509
84 518
84 521
84 522
84 535
84 536
84 537
84 538
84 559
84 565
86 36
86 37
86 41
86 43
86 44
86 45
86 60
86 61
86 63
86 101
86 133
86 154
86 155
86 159
86 165
86 177
86 204
86 205
86 206
86 256
86 257
86 258
86 259
86 278
86 310
86 311
86 333
86 334
86 335
86 351
86 353
86 362
86 363
86 365
86 387
86 388
86 409
86 415
86 416
86 417
86 419
86 425
86 426
86 431
86 433
86 504
86 510
86 538
86 564
86 565
86 566
88 15
88 61
88 66
88 70
88 86
88 87
88 102
88 117
88 160
88 169
88 174
88 223
88 224
88 229
88 236
88 238
88 252
88 253
88 254
88 263
88 295
88 300
88 301
88 305
88 325
88 351
88 352
88 353
88 374
88 379
88 389
88 390
88 400
88 401
88 411
88 415
88 431
88 449
88 450
88 475
88 476
88 510
88 523
88 524
88 525
88 534
88 563
90 3
90 18
90 22
90 35
90 49
90 50
90 62
90 63
90 81
90 152
90 162
90 167
90 184
90 224
90 225
90 230
90 237
90 242
90 262
90 263
90 264
90 265
90 277
90 278
90 308
90 319
90 320
90 340
90 346
90 376
90 377
90 378
90 379
90 382
90 391
90 415
90 419
90 420
90 424
90 425
90 427
90 431
90 434
90 435
90 451
90 473
90 477
90 490
90 492
90 493
90 508
90 519
90 520
90 536
90 561
90 562
92 3
92 12
92 51
92 52
92 59
92 69
92 70
92 78
92 100
92 102
92 104
92 105
92 106
92 107
92 108
92 111
92 123
92 135
92 153
92 155
92 160
92 172
92 179
92 188
92 192
92 206
92 226
92 231
92 257
92 262
92 263
92 265
92 266
92 278
92 280
92 287
92 288
92 296
92 309
92 313
92 314
92 315
92 316
92 324
92 326
92 327
92 328
92 337
92 342
92 362
92 364
92 368
92 369
92 376
92 381
92 387
92 409
92 422
92 423
92 424
92 425
92 426
92 437
92 438
92 464
92 485
92 487
92 488
92 496
92 497
92 498
92 499
92 500
92 506
92 512
92 513
92 516
92 518
92 525
92 537
92 563
94 13
94 20
94 55
94 69
94 70
94 122
94 123
94 147
94 161
94 162
94 172
94 174
94 175
94 176
94 200
94 204
94 205
94 212
94 213
94 222
94 223
94 235
94 236
94 242
94 249
94 265
94 288
94 304
94 306
94 322
94 323
94 353
94 365
94 367
94 372
94 374
94 401
94 402
94 403
94 462
94 464
94 474
94 485
94 486
94 490
94 491
94 518
94 535
94 536
94 540
94 549
94 554
94 559
96 8
96 18
96 20
96 21
96 59
96 73
96 87
96 91
96 102
96 109
96 113
96 118
96 125
96 147
96 170
96 172
96 173
96 181
96 204
96 208
96 213
96 224
96 234
96 235
96 237
96 261
96 266
96 267
96 288
96 305
96 306
96 307
96 323
96 327
96 331
96 336
96 339
96 340
96 342
96 364
96 365
96 382
96 387
96 395
96 401
96 402
96 426
96 441
96 463
96 467
96 468
96 478
96 482
96 483
96 484
96 485
96 486
96 487
96 502
96 516
96 517
96 518
96 537
96 540
98 4
98 5
98 16
98 37
98 38
98 87
98 97
98 102
98 107
98 111
98 114
98 146
98 147
98 148
98 156
98 158
98 159
98 206
98 211
98 224
98 231
98 246
98 253
98 258
98 259
98 306
98 308
98 331
98 335
98 336
98 422
98 429
98 433
98 464
98 465
98 467
98 472
98 486
98 487
98 506
98 516
98 517
98 523
98 536
98 544
98 555
98 556
98 562
102 8
102 18
102 19
102 20
102 21
102 22
102 30
102 40
102 41
102 65
102 66
102 81
102 94
102 111
102 112
102 130
102 138
102 169
102 174
102 185
102 186
102 199
102 200
102 230
102 234
102 236
102 246
102 247
102 263
102 264
102 265
102 285
102 294
102 317
102 324
102 325
102 328
102 346
102 354
102 377
102 378
102 393
102 394
102 412
102 423
102 424
102 440
102 464
102 474
102 476
102 489
102 490
102 508
102 517
102 518
102 525
102 528
102 532
104 21
104 23
104 25
104 49
104 57
104 58
104 59
104 80
104 94
104 110
104 123
104 127
104 128
104 130
104 131
104 197
104 199
104 201
104 202
104 220
104 248
104 249
104 253
104 254
104 267
104 271
104 280
104 283
104 301
104 302
104 308
104 337
104 338
104 340
104 342
104 363
104 365
104 367
104 372
104 389
104 439
104 440
104 483
104 529
104 546
104 547
106 5
106 26
106 27
106 38
106 41
106 42
106 73
106 77
106 103
106 104
106 106
106 107
106 113
106 115
106 129
106 130
106 138
106 152
106 185
106 202
106 214
106 257
106 258
106 259
106 280
106 301
106 307
106 323
106 324
106 325
106 337
106 346
106 347
106 350
106 371
106 380
106 412
106 439
106 447
106 448
106 449
106 482
106 483
106 501
106 510
106 517
106 524
106 547
106 549
108 8
108 39
108 52
108 53
108 64
108 68
108 69
108 70
108 71
108 73
108 106
108 116
108 159
108 160
108 161
108 163
108 186
108 194
108 201
108 208
108 213
108 230
108 231
108 274
108 275
108 276
108 277
108 290
108 302
108 308
108 310
108 326
108 350
108 398
108 410
108 445
108 446
108 483
108 488
108 496
108 503
108 520
108 524
110 18
110 22
110 42
110 43
110 54
110 62
110 63
110 64
110 65
110 73
110 88
110 90
110 104
110 106
110 122
110 129
110 134
110 137
110 152
110 162
110 163
110 164
110 165
110 208
110 209
110 211
110 219
110 230
110 238
110 247
110 256
110 274
110 275
110 280
110 305
110 326
110 342
110 346
110 347
110 348
110 349
110 350
110 362
110 370
110 400
110 409
110 416
110 418
110 428
110 443
110 444
110 460
110 476
110 483
110 495
110 498
110 505
110 506
110 519
110 538
110 545
110 555
110 564
112 13
112 22
112 25
112 29
112 30
112 31
112 40
112 64
112 93
112 95
112 106
112 132
112 133
112 134
112 151
112 152
112 162
112 172
112 193
112 203
112 210
112 214
112 221
112 248
112 249
112 266
112 270
112 292
112 296
112 317
112 334
112 351
112 352
112 353
112 354
112 364
112 386
112 397
112 398
112 412
112 415
112 425
112 429
112 455
112 486
112 506
112 507
112 526
112 544
112 559
112 560
112 564
114 4
114 34
114 35
114 40
114 41
114 74
114 93
114 94
114 95
114 96
114 97
114 98
114 108
114 191
114 200
114 210
114 248
114 249
114 250
114 292
114 296
114 307
114 308
114 309
114 310
114 320
114 328
114 343
114 349
114 375
114 376
114 386
114 387
114 388
114 421
114 434
114 436
114 486
114 487
114 503
114 511
114 516
114 521
114 527
114 542
114 555
114 559
116 5
116 24
116 41
116 48
116 53
116 57
116 73
116 79
116 109
116 128
116 129
116 138
116 158
116 161
116 162
116 214
116 221
116 222
116 225
116 237
116 238
116 271
116 272
116 278
116 285
116 292
116 301
116 306
116 308
116 309
116 310
116 311
116 313
116 326
116 329
116 347
116 368
116 369
116 377
116 378
116 384
116 389
116 393
116 401
116 448
116 464
116 475
116 476
116 477
116 491
116 492
116 508
116 509
116 520
116 522
116 527
116 528
116 529
116 549
116 554
116 555
116 556
118 53
118 54
118 92
118 100
118 116
118 117
118 138
118 145
118 146
118 147
118 152
118 153
118 192
118 202
118 216
118 217
118 222
118 223
118 224
118 230
118 238
118 242
118 243
118 244
118 280
118 281
118 282
118 288
118 289
118 290
118 294
118 295
118 299
118 301
118 302
118 306
118 307
118 308
118 329
118 364
118 366
118 370
118 371
118 372
118 376
118 377
118 408
118 409
118 422
118 433
118 448
118 455
118 461
118 462
118 464
118 475
118 483
118 509
118 510
118 544
120 5
120 20
120 26
120 27
120 54
120 58
120 69
120 71
120 79
120 91
120 102
120 153
120 156
120 179
120 198
120 207
120 216
120 217
120 242
120 244
120 245
120 275
120 281
120 309
120 310
120 312
120 313
120 318
120 331
120 338
120 342
120 358
120 425
120 429
120 430
120 434
120 463
120 482
120 483
120 484
120 485
120 486
120 504
120 532
120 533
120 546
120 551
120 561
122 22
122 31
122 54
122 65
122 131
122 153
122 157
122 159
122 185
122 186
122 212
122 242
122 247
122 314
122 315
122 316
122 317
122 319
122 370
122 371
122 379
122 392
122 410
122 411
122 416
122 421
122 443
122 483
122 484
122 495
122 496
122 497
122 498
122 499
122 502
122 518
122 519
122 520
122 526
122 532
122 547
122 554
124 33
128 22
128 23
128 24
128 25
128 33
128 35
128 40
128 49
128 50
128 64
128 65
128 91
128 96
128 98
128 111
128 112
128 113
128 123
128 130
128 135
128 146
128 160
128 176
128 198
128 199
128 203
128 238
128 245
128 258
128 271
128 289
128 297
128 311
128 317
128 331
128 345
128 362
128 363
128 364
128 386
128 399
128 400
128 411
128 425
128 426
128 434
128 446
128 447
128 448
128 457
128 458
128 469
128 474
128 504
128 507
128 526
128 541
128 546
128 558
128 560
128 561
130 18
130 22
130 24
130 26
130 27
130 28
130 29
130 39
130 40
130 41
130 52
130 63
130 70
130 78
130 101
130 135
130 136
130 146
130 161
130 178
130 197
130 199
130 236
130 248
130 276
130 308
130 309
130 330
130 352
130 362
130 363
130 382
130 386
130 403
130 435
130 442
130 443
130 451
130 452
130 453
130 474
130 492
130 493
130 514
130 521
130 531
130 533
130 562
132 8
132 16
132 25
132 26
132 29
132 39
132 41
132 42
132 45
132 51
132 52
132 59
132 60
132 61
132 90
132 100
132 104
132 146
132 150
132 157
132 158
132 159
132 160
132 185
132 213
132 214
132 218
132 220
132 227
132 228
132 230
132 250
132 277
132 293
132 306
132 307
132 319
132 321
132 334
132 336
132 337
132 367
132 384
132 393
132 403
132 404
132 408
132 409
132 442
132 443
132 465
132 469
132 470
132 484
132 485
132 498
132 499
132 503
132 528
132 555
132 562
134 28
134 29
134 42
134 89
134 90
134 93
134 95
134 104
134 132
134 178
134 185
134 189
134 190
134 191
134 192
134 193
134 214
134 230
134 249
134 251
134 283
134 292
134 306
134 322
134 326
134 339
134 340
134 341
134 343
134 344
134 349
134 372
134 373
134 375
134 391
134 401
134 405
134 412
134 421
134 425
134 431
134 434
134 435
134 454
134 476
134 485
134 508
134 529
134 543
134 551
134 552
134 558
136 55
136 85
136 87
136 96
136 97
136 100
136 102
136 124
136 125
136 134
136 177
136 179
136 185
136 201
136 202
136 213
136 214
136 219
136 228
136 244
136 256
136 262
136 263
136 291
136 292
136 293
136 328
136 329
136 337
136 338
136 341
136 343
136 344
136 345
136 371
136 386
136 391
136 403
136 405
136 416
136 419
136 420
136 424
136 425
136 469
136 470
136 471
136 496
136 498
136 505
136 508
136 524
136 533
136 534
136 537
136 550
136 551
138 5
138 6
138 12
138 13
138 14
138 49
138 59
138 60
138 71
138 72
138 73
138 95
138 96
138 100
138 116
138 118
138 125
138 135
138 136
138 144
138 145
138 149
138 150
138 151
138 174
138 199
138 220
138 235
138 243
138 244
138 250
138 255
138 273
138 284
138 315
138 316
138 320
138 321
138 322
138 328
138 329
138 340
138 343
138 349
138 350
138 365
138 366
138 381
138 383
138 422
138 445
138 446
138 466
138 473
138 498
138 505
138 529
138 530
140 22
140 35
140 36
140 42
140 47
140 48
140 49
140 65
140 71
140 82
140 85
140 107
140 108
140 124
140 125
140 126
140 130
140 144
140 149
140 157
140 169
140 170
140 206
140 249
140 250
140 296
140 308
140 321
140 364
140 378
140 400
140 407
140 408
140 409
140 410
140 411
140 412
140 413
140 429
140 430
140 431
140 440
140 441
140 443
140 454
140 457
140 503
140 504
140 505
140 540
140 541
140 542
142 18
142 19
142 32
142 35
142 36
142 37
142 46
142 47
142 48
142 63
142 96
142 97
142 116
142 183
142 204
142 220
142 221
142 225
142 226
142 230
142 250
142 251
142 262
142 270
142 294
142 298
142 337
142 346
142 347
142 364
142 378
142 388
142 389
142 400
142 403
142 407
142 408
142 413
142 421
142 426
142 429
142 430
142 431
142 432
142 434
142 435
142 437
142 438
142 448
142 470
142 477
142 484
142 506
142 509
142 525
142 529
142 537
142 538
142 542
142 543
142 550
142 564
144 4
144 8
144 25
144 31
144 47
144 56
144 95
144 131
144 136
144 165
144 169
144 179
144 182
144 183
144 184
144 185
144 186
144 189
144 191
144 198
144 215
144 216
144 222
144 223
144 225
144 242
144 258
144 259
144 269
144 302
144 316
144 318
144 325
144 328
144 331
144 332
144 350
144 376
144 377
144 408
144 416
144 423
144 432
144 433
144 434
144 436
144 442
144 453
144 484
144 506
144 511
144 526
144 532
144 536
144 538
146 6
146 15
146 16
146 23
146 25
146 36
146 37
146 38
146 44
146 45
146 65
146 89
146 92
146 93
146 94
146 95
146 128
146 132
146 134
146 137
146 151
146 163
146 170
146 172
146 176
146 178
146 191
146 223
146 224
146 292
146 293
146 304
146 321
146 322
146 323
146 324
146 334
146 335
146 352
146 374
146 394
146 416
146 417
146 424
146 425
146 456
146 459
146 460
146 503
146 504
146 505
146 526
146 527
146 532
146 533
146 535
146 544
3 4
3 6
3 7
3 8
3 40
3 67
3 85
3 86
3 90
3 95
3 96
3 98
3 99
3 155
3 159
3 181
3 182
3 183
3 184
3 215
3 223
3 250
3 255
3 256
3 268
3 269
3 272
3 273
3 274
3 282
3 283
3 294
3 295
3 296
3 311
3 312
3 316
3 335
3 347
3 348
3 349
3 350
3 354
3 365
3 430
3 432
3 441
3 445
3 485
3 486
3 498
3 503
3 504
3 505
3 522
3 530
3 531
3 532
3 533
3 538
3 539
3 544
3 545
3 546
3 558
3 566
5 5
5 19
5 23
5 31
5 38
5 40
5 62
5 77
5 91
5 92
5 110
5 111
5 112
5 124
5 138
5 159
5 161
5 183
5 184
5 198
5 211
5 224
5 225
5 247
5 265
5 271
5 294
5 295
5 296
5 304
5 306
5 327
5 330
5 331
5 365
5 373
5 374
5 383
5 393
5 394
5 414
5 421
5 430
5 439
5 444
5 446
5 452
5 469
5 478
5 492
5 493
5 506
5 520
5 538
5 552
5 564
7 13
7 14
7 15
7 19
7 82
7 97
7 106
7 107
7 114
7 118
7 128
7 145
7 149
7 177
7 178
7 192
7 201
7 210
7 217
7 238
7 242
7 243
7 244
7 249
7 275
7 291
7 301
7 309
7 310
7 332
7 341
7 344
7 345
7 365
7 373
7 383
7 414
7 425
7 459
7 468
7 497
7 506
7 507
7 524
7 530
7 532
7 533
7 534
7 542
7 543
7 544
7 554
7 555
7 557
13 21
13 29
13 30
13 45
13 53
13 58
13 59
13 76
13 77
13 78
13 80
13 100
13 111
13 112
13 116
13 128
13 133
13 134
13 135
13 136
13 137
13 147
13 151
13 169
13 170
13 227
13 233
13 243
13 254
13 259
13 274
13 284
13 287
13 288
13 292
13 343
13 380
13 381
13 391
13 392
13 393
13 394
13 395
13 396
13 398
13 410
13 418
13 427
13 441
13 448
13 458
13 461
13 462
13 463
13 464
13 484
13 490
13 515
13 517
13 529
13 545
13 557
13 559
13 561
13 562
15 3
15 6
15 50
15 51
15 52
15 57
15 84
15 85
15 86
15 113
15 114
15 115
15 137
15 144
15 172
15 176
15 195
15 196
15 197
15 208
15 209
15 224
15 226
15 244
15 245
15 253
15 254
15 255
15 277
15 297
15 322
15 328
15 358
15 380
15 403
15 409
15 412
15 425
15 432
15 461
15 462
15 463
15 483
15 490
15 540
15 549
15 550
15 551
15 561
15 562
17 12
17 13
17 16
17 23
17 28
17 32
17 39
17 50
17 73
17 84
17 143
17 144
17 152
17 153
17 178
17 179
17 195
17 196
17 208
17 214
17 215
17 229
17 245
17 247
17 248
17 276
17 348
17 349
17 350
17 357
17 365
17 366
17 377
17 392
17 393
17 429
17 431
17 433
17 434
17 438
17 450
17 451
17 452
17 466
17 504
17 505
17 506
17 516
17 517
17 518
17 519
17 547
17 549
19 3
19 4
19 22
19 29
19 40
19 81
19 97
19 102
19 124
19 133
19 148
19 154
19 161
19 167
19 195
19 196
19 209
19 213
19 230
19 251
19 276
19 277
19 278
19 279
19 289
19 299
19 300
19 302
19 303
19 304
19 334
19 335
19 370
19 387
19 388
19 389
19 390
19 401
19 402
19 406
19 407
19 408
19 430
19 431
19 435
19 449
19 455
19 456
19 470
19 478
19 485
19 498
19 504
19 512
19 535
19 558
19 559
19 560
21 3
21 5
21 36
21 72
21 73
21 74
21 75
21 83
21 105
21 127
21 137
21 159
21 169
21 171
21 173
21 183
21 184
21 185
21 187
21 204
21 212
21 218
21 229
21 234
21 238
21 242
21 281
21 286
21 304
21 332
21 338
21 339
21 351
21 374
21 384
21 386
21 387
21 388
21 395
21 396
21 408
21 413
21 426
21 427
21 437
21 438
21 439
21 460
21 462
21 469
21 471
21 472
21 484
21 496
21 522
21 536
23 12
23 13
23 28
23 29
23 52
23 53
23 63
23 131
23 174
23 175
23 176
23 177
23 182
23 183
23 197
23 213
23 214
23 216
23 249
23 264
23 297
23 298
23 304
23 306
23 339
23 374
23 381
23 382
23 389
23 404
23 405
23 414
23 418
23 451
23 472
23 485
23 486
23 487
23 499
23 511
23 513
23 514
23 515
23 540
23 558
27 38
27 40
27 41
27 42
27 43
27 66
27 68
27 69
27 79
27 87
27 88
27 130
27 131
27 132
27 133
27 134
27 155
27 162
27 192
27 208
27 209
27 210
27 211
27 212
27 216
27 220
27 221
27 222
27 229
27 230
27 233
27 262
27 263
27 270
27 271
27 272
27 330
27 331
27 332
27 333
27 340
27 377
27 378
27 401
27 402
27 403
27 413
27 417
27 418
27 422
27 429
27 442
27 443
27 455
27 462
27 478
27 485
27 486
27 487
27 488
27 494
27 495
27 496
27 512
27 539
27 561
29 33
29 34
29 41
29 50
29 51
29 52
29 60
29 71
29 86
29 101
29 102
29 115
29 126
29 133
29 135
29 170
29 187
29 191
29 196
29 197
29 205
29 217
29 221
29 222
29 223
29 224
29 229
29 237
29 262
29 264
29 265
29 287
29 288
29 326
29 357
29 370
29 374
29 397
29 398
29 399
29 413
29 415
29 416
29 417
29 418
29 428
29 443
29 444
29 450
29 454
29 457
29 486
29 487
29 502
29 508
29 514
29 529
29 531
29 532
29 533
29 534
29 543
29 555
29 556
29 557
29 558
31 4
31 5
31 6
31 27
31 52
31 70
31 71
31 93
31 100
31 101
31 102
31 115
31 116
31 129
31 133
31 148
31 152
31 156
31 185
31 205
31 217
31 224
31 225
31 237
31 260
31 272
31 300
31 301
31 323
31 325
31 326
31 357
31 358
31 372
31 379
31 394
31 398
31 409
31 410
31 412
31 413
31 444
31 482
31 500
31 504
31 513
31 514
31 521
31 522
31 523
31 527
31 540
31 556
31 557
33 7
33 8
33 31
33 33
33 50
33 51
33 66
33 81
33 117
33 147
33 160
33 161
33 182
33 201
33 205
33 221
33 224
33 225
33 238
33 258
33 260
33 329
33 338
33 339
33 350
33 380
33 390
33 398
33 411
33 413
33 415
33 417
33 419
33 435
33 436
33 466
33 513
33 515
33 530
35 5
35 31
35 47
35 48
35 49
35 80
35 81
35 88
35 98
35 122
35 158
35 159
35 161
35 162
35 170
35 220
35 228
35 269
35 273
35 274
35 275
35 276
35 290
35 318
35 326
35 327
35 328
35 335
35 337
35 338
35 352
35 378
35 406
35 407
35 410
35 422
35 436
35 437
35 438
35 445
35 450
35 466
35 478
35 510
35 516
35 517
35 518
35 531
35 540
35 541
35 542
35 543
35 553
35 563
37 6
37 7
37 8
37 37
37 47
37 61
37 71
37 72
37 73
37 75
37 76
37 79
37 96
37 124
37 125
37 133
37 145
37 158
37 159
37 161
37 168
37 263
37 283
37 284
37 290
37 312
37 329
37 334
37 335
37 353
37 393
37 411
37 413
37 424
37 425
37 426
37 453
37 461
37 462
37 466
37 467
37 473
37 474
37 503
37 510
37 511
37 516
37 517
37 533
37 534
37 539
37 541
37 542
37 543
37 552
39 8
39 19
39 25
39 60
39 72
39 92
39 93
39 129
39 164
39 233
39 244
39 247
39 253
39 254
39 278
39 283
39 304
39 311
39 329
39 330
39 331
39 336
39 381
39 382
39 383
39 412
39 416
39 422
39 424
39 425
39 434
39 450
39 451
39 452
39 453
39 460
39 487
39 488
39 498
39 512
39 524
39 534
39 541
39 543
39 544
39 548
39 559
41 12
41 17
41 25
41 43
41 52
41 64
41 74
41 76
41 78
41 116
41 118
41 129
41 130
41 158
41 159
41 171
41 197
41 203
41 206
41 230
41 247
41 249
41 250
41 252
41 268
41 292
41 320
41 323
41 336
41 340
41 370
41 379
41 412
41 417
41 424
41 431
41 459
41 461
43 42
43 47
43 52
43 54
43 65
43 66
43 74
43 77
43 78
43 104
43 129
43 130
43 135
43 159
43 187
43 188
43 189
43 190
43 198
43 199
43 200
43 201
43 202
43 208
43 217
43 232
43 233
43 243
43 249
43 283
43 291
43 311
43 313
43 332
43 333
43 347
43 368
43 376
43 402
43 418
43 419
43 434
43 436
43 437
43 449
43 466
43 475
43 493
43 543
45 27
45 28
45 30
45 31
45 32
45 50
45 51
45 59
45 66
45 77
45 79
45 90
45 130
45 131
45 132
45 137
45 144
45 145
45 148
45 158
45 190
45 191
45 192
45 193
45 208
45 217
45 245
45 264
45 272
45 273
45 284
45 285
45 336
45 345
45 393
45 415
45 437
45 455
45 459
45 476
45 524
45 533
45 559
45 566
47 15
47 37
47 38
47 39
47 99
47 103
47 104
47 138
47 191
47 199
47 207
47 208
47 209
47 215
47 234
47 238
47 244
47 245
47 249
47 274
47 278
47 280
47 284
47 285
47 287
47 309
47 314
47 323
47 333
47 336
47 340
47 344
47 345
47 346
47 347
47 349
47 363
47 365
47 374
47 375
47 413
47 414
47 415
47 431
47 432
47 438
47 464
47 473
47 474
47 498
47 515
47 524
47 525
47 526
47 532
47 550
47 559
47 560
47 566
53 18
53 36
53 38
53 46
53 50
53 51
53 52
53 97
53 98
53 103
53 117
53 122
53 138
53 143
53 144
53 149
53 152
53 153
53 154
53 160
53 161
53 164
53 165
53 169
53 189
53 193
53 217
53 220
53 221
53 237
53 242
53 258
53 281
53 283
53 294
53 311
53 325
53 341
53 351
53 357
53 364
53 365
53 366
53 374
53 375
53 376
53 383
53 388
53 399
53 404
53 407
53 408
53 409
53 411
53 421
53 429
53 455
53 460
53 461
53 462
53 463
53 464
53 465
53 466
53 471
53 486
53 488
53 500
53 501
53 510
53 511
53 512
53 518
53 519
53 520
53 521
53 526
53 551
53 564
53 565
55 54
55 64
55 65
55 74
55 75
55 98
55 99
55 137
55 142
55 143
55 144
55 149
55 161
55 163
55 179
55 180
55 182
55 184
55 185
55 206
55 216
55 238
55 264
55 269
55 283
55 294
55 295
55 296
55 298
55 301
55 319
55 324
55 325
55 329
55 330
55 331
55 332
55 340
55 372
55 376
55 383
55 384
55 399
55 405
55 416
55 417
55 425
55 426
55 427
55 429
55 430
55 431
55 436
55 460
55 472
55 484
55 488
55 489
55 514
55 515
55 516
55 523
55 534
55 535
55 552
57 15
57 17
57 21
57 29
57 39
57 49
57 74
57 75
57 76
57 77
57 78
57 97
57 98
57 99
57 108
57 128
57 134
57 135
57 136
57 150
57 155
57 161
57 164
57 165
57 194
57 203
57 229
57 268
57 269
57 282
57 284
57 300
57 329
57 330
57 334
57 402
57 403
57 404
57 405
57 417
57 442
57 443
57 456
57 511
57 513
57 514
57 515
57 516
57 519
57 532
57 536
57 537
57 551
57 560
59 6
59 7
59 8
59 21
59 29
59 49
59 50
59 56
59 57
59 73
59 74
59 79
59 128
59 129
59 134
59 135
59 147
59 148
59 149
59 162
59 164
59 195
59 196
59 197
59 275
59 276
59 277
59 278
59 310
59 311
59 334
59 335
59 336
59 344
59 348
59 350
59 352
59 387
59 388
59 403
59 404
59 409
59 412
59 421
59 424
59 430
59 437
59 438
59 447
59 448
59 449
59 455
59 458
59 462
59 463
59 496
59 504
59 511
59 547
61 6
61 34
61 58
61 64
61 66
61 67
61 68
61 69
61 112
61 146
61 157
61 161
61 196
61 197
61 198
61 215
61 216
61 226
61 242
61 256
61 267
61 271
61 275
61 276
61 298
61 322
61 336
61 337
61 346
61 347
61 348
61 349
61 350
61 351
61 358
61 402
61 410
61 436
61 438
61 463
61 482
61 490
61 498
61 499
61 518
61 519
61 520
61 521
61 539
63 6
63 12
63 14
63 26
63 33
63 34
63 56
63 58
63 62
63 87
63 88
63 92
63 96
63 113
63 114
63 117
63 124
63 125
63 132
63 133
63 134
63 135
63 145
63 146
63 147
63 154
63 155
63 157
63 177
63 181
63 186
63 188
63 189
63 190
63 213
63 214
63 215
63 219
63 258
63 259
63 260
63 280
63 281
63 303
63 313
63 331
63 332
63 333
63 334
63 335
63 336
63 337
63 357
63 374
63 385
63 386
63 429
63 431
63 436
63 438
63 452
63 453
63 503
63 504
63 510
63 518
63 520
63 521
63 537
63 556
63 564
65 3
65 15
65 18
65 26
65 31
65 45
65 58
65 84
65 102
65 108
65 109
65 124
65 125
65 131
65 132
65 133
65 135
65 145
65 146
65 156
65 175
65 183
65 184
65 185
65 203
65 214
65 215
65 244
65 302
65 303
65 311
65 332
65 333
65 335
65 336
65 337
65 343
65 349
65 368
65 369
65 370
65 371
65 372
65 373
65 374
65 387
65 388
65 391
65 393
65 399
65 400
65 406
65 418
65 440
65 444
65 445
65 450
65 452
65 460
65 462
65 470
65 471
65 472
65 474
65 518
65 521
65 524
65 526
65 545
65 558
65 563
67 12
67 15
67 19
67 20
67 21
67 36
67 37
67 49
67 61
67 69
67 83
67 85
67 100
67 101
67 108
67 142
67 144
67 145
67 150
67 155
67 160
67 166
67 170
67 176
67 196
67 200
67 201
67 244
67 254
67 261
67 265
67 272
67 273
67 274
67 275
67 281
67 283
67 284
67 292
67 302
67 345
67 362
67 363
67 378
67 385
67 394
67 411
67 414
67 416
67 428
67 437
67 445
67 446
67 450
67 451
67 465
67 470
67 495
67 504
67 521
67 527
67 529
67 530
67 541
67 545
69 7
69 32
69 45
69 47
69 68
69 79
69 80
69 82
69 83
69 94
69 100
69 102
69 103
69 106
69 110
69 128
69 155
69 161
69 162
69 163
69 164
69 193
69 194
69 203
69 204
69 226
69 228
69 263
69 273
69 287
69 293
69 315
69 316
69 338
69 350
69 352
69 354
69 358
69 369
69 378
69 379
69 380
69 385
69 406
69 414
69 415
69 427
69 428
69 438
69 443
69 446
69 474
69 475
69 484
69 490
69 491
69 515
69 529
69 530
69 531
69 538
69 555
71 19
71 20
71 25
71 30
71 51
71 58
71 78
71 79
71 80
71 86
71 88
71 90
71 107
71 160
71 161
71 163
71 182
71 195
71 207
71 225
71 227
71 232
71 249
71 250
71 261
71 262
71 272
71 273
71 293
71 318
71 341
71 362
71 380
71 385
71 386
71 401
71 418
71 419
71 421
71 422
71 423
71 424
71 425
71 426
71 427
71 444
71 445
71 450
71 456
71 468
71 489
71 490
71 505
71 532
71 533
71 534
71 535
71 536
71 547
71 548
71 558
71 566
73 33
73 34
73 36
73 38
73 53
73 58
73 70
73 71
73 76
73 88
73 101
73 103
73 104
73 106
73 122
73 130
73 138
73 149
73 151
73 152
73 153
73 173
73 185
73 186
73 189
73 193
73 197
73 200
73 215
73 223
73 225
73 266
73 303
73 306
73 308
73 310
73 314
73 318
73 331
73 332
73 333
73 338
73 339
73 342
73 382
73 399
73 401
73 422
73 427
73 455
73 459
73 462
73 475
73 476
73 496
73 527
73 546
73 548
77 4
77 20
77 21
77 22
77 39
77 58
77 64
77 69
77 70
77 71
77 96
77 99
77 136
77 144
77 145
77 155
77 156
77 157
77 164
77 208
77 209
77 210
77 226
77 228
77 233
77 249
77 271
77 273
77 297
77 299
77 300
77 303
77 305
77 306
77 307
77 314
77 338
77 348
77 368
77 389
77 409
77 420
77 439
77 440
77 454
77 455
77 464
77 478
77 503
77 527
77 534
77 535
77 537
79 45
79 47
79 48
79 49
79 53
79 56
79 117
79 136
79 137
79 162
79 164
79 191
79 206
79 207
79 208
79 256
79 258
79 297
79 299
79 313
79 324
79 326
79 329
79 426
79 427
79 438
79 439
79 462
79 501
79 502
79 503
79 534
79 545
81 5
81 33
81 34
81 44
81 49
81 56
81 78
81 85
81 112
81 123
81 124
81 129
81 138
81 182
81 189
81 191
81 196
81 212
81 213
81 217
81 267
81 269
81 270
81 271
81 276
81 280
81 313
81 317
81 371
81 381
81 391
81 393
81 397
81 456
81 457
81 485
81 494
81 495
81 499
81 501
81 531
81 532
81 554
81 555
81 559
83 14
83 21
83 26
83 43
83 52
83 57
83 65
83 66
83 89
83 111
83 112
83 113
83 114
83 126
83 127
83 128
83 129
83 130
83 145
83 151
83 163
83 164
83 165
83 166
83 176
83 199
83 209
83 210
83 221
83 236
83 237
83 245
83 250
83 256
83 258
83 260
83 261
83 262
83 272
83 276
83 277
83 288
83 304
83 318
83 320
83 324
83 325
83 326
83 327
83 336
83 337
83 348
83 363
83 389
83 453
83 455
83 484
83 487
83 493
83 509
83 510
83 511
83 516
83 518
83 533
83 534
83 549
83 563
83 564
83 566
85 8
85 21
85 44
85 53
85 61
85 62
85 63
85 67
85 68
85 101
85 102
85 104
85 127
85 129
85 143
85 152
85 155
85 164
85 165
85 166
85 186
85 200
85 204
85 205
85 227
85 257
85 258
85 259
85 273
85 279
85 321
85 322
85 325
85 332
85 333
85 334
85 335
85 339
85 341
85 352
85 353
85 366
85 382
85 407
85 408
85 411
85 430
85 435
85 444
85 445
85 446
85 447
85 448
85 478
85 521
85 537
85 538
85 565
87 14
87 43
87 44
87 45
87 56
87 60
87 61
87 66
87 84
87 118
87 131
87 137
87 147
87 158
87 174
87 203
87 204
87 206
87 207
87 214
87 228
87 236
87 254
87 258
87 262
87 283
87 289
87 299
87 301
87 323
87 351
87 352
87 353
87 363
87 379
87 386
87 387
87 416
87 422
87 424
87 431
87 441
87 453
87 482
87 487
87 488
87 489
87 496
87 510
87 525
87 530
87 532
87 563
87 565
89 3
89 14
89 22
89 33
89 90
89 110
89 165
89 183
89 199
89 211
89 224
89 235
89 253
89 254
89 263
89 274
89 300
89 321
89 325
89 339
89 341
89 346
89 351
89 368
89 378
89 379
89 385
89 390
89 391
89 405
89 424
89 429
89 431
89 436
89 449
89 450
89 490
89 509
89 515
89 546
91 3
91 41
91 58
91 59
91 79
91 80
91 111
91 134
91 143
91 149
91 151
91 193
91 206
91 215
91 224
91 231
91 257
91 258
91 260
91 263
91 264
91 265
91 277
91 278
91 281
91 286
91 287
91 296
91 301
91 309
91 313
91 314
91 315
91 316
91 317
91 318
91 319
91 321
91 325
91 326
91 328
91 346
91 347
91 348
91 363
91 364
91 368
91 376
91 380
91 381
91 382
91 391
91 413
91 415
91 416
91 419
91 421
91 424
91 426
91 427
91 429
91 431
91 432
91 433
91 460
91 488
91 497
91 506
91 508
91 515
91 519
91 561
91 562
91 563
93 13
93 51
93 63
93 69
93 70
93 89
93 102
93 103
93 104
93 111
93 123
93 124
93 147
93 155
93 157
93 159
93 160
93 165
93 166
93 167
93 173
93 174
93 204
93 205
93 206
93 207
93 217
93 234
93 253
93 256
93 257
93 261
93 274
93 281
93 282
93 284
93 289
93 293
93 294
93 314
93 315
93 316
93 322
93 323
93 324
93 328
93 339
93 342
93 343
93 365
93 366
93 368
93 376
93 401
93 486
93 487
93 517
93 525
93 532
93 539
93 542
93 559
95 3
95 18
95 19
95 37
95 58
95 59
95 91
95 92
95 112
95 118
95 122
95 128
95 147
95 148
95 161
95 162
95 163
95 177
95 184
95 199
95 205
95 213
95 235
95 236
95 237
95 277
95 278
95 279
95 287
95 305
95 323
95 335
95 340
95 374
95 394
95 402
95 409
95 441
95 462
95 476
95 477
95 478
95 485
95 486
95 487
95 489
95 518
95 519
95 520
95 547
95 548
97 3
97 5
97 37
97 38
97 51
97 60
97 72
97 87
97 88
97 102
97 105
97 111
97 112
97 113
97 125
97 126
97 127
97 145
97 146
97 147
97 157
97 159
97 160
97 171
97 172
97 204
97 208
97 215
97 224
97 252
97 267
97 274
97 287
97 305
97 306
97 323
97 324
97 325
97 326
97 328
97 332
97 336
97 341
97 355
97 382
97 424
97 427
97 441
97 442
97 463
97 472
97 477
97 478
97 484
97 515
97 517
97 523
97 540
97 544
97 548
97 549
97 555
103 8
103 14
103 22
103 57
103 58
103 59
103 66
103 78
103 79
103 80
103 81
103 89
103 93
103 104
103 109
103 110
103 116
103 129
103 173
103 184
103 202
103 220
103 235
103 236
103 248
103 249
103 250
103 253
103 280
103 281
103 282
103 289
103 302
103 304
103 323
103 331
103 332
103 351
103 352
103 372
103 423
103 440
103 489
103 509
103 518
105 6
105 38
105 41
105 104
105 115
105 116
105 127
105 128
105 129
105 138
105 170
105 184
105 190
105 192
105 193
105 198
105 202
105 205
105 206
105 228
105 230
105 235
105 271
105 281
105 282
105 301
105 302
105 323
105 324
105 329
105 337
105 341
105 342
105 344
105 345
105 346
105 350
105 363
105 390
105 431
105 447
105 458
105 460
105 462
105 472
105 482
105 501
105 510
105 518
105 528
105 548
105 549
107 3
107 7
107 32
107 54
107 69
107 70
107 71
107 72
107 84
107 106
107 111
107 112
107 113
107 114
107 115
107 116
107 138
107 152
107 226
107 227
107 232
107 262
107 274
107 301
107 308
107 310
107 324
107 353
107 354
107 411
107 412
107 447
107 449
107 450
107 451
107 486
107 510
107 541
107 552
107 553
109 54
109 64
109 69
109 72
109 73
109 74
109 75
109 76
109 81
109 82
109 88
109 91
109 98
109 106
109 128
109 162
109 163
109 164
109 165
109 194
109 209
109 221
109 228
109 229
109 230
109 235
109 273
109 274
109 276
109 292
109 307
109 350
109 438
109 445
109 482
109 495
109 504
109 520
109 529
109 552
109 553
109 564
109 565
111 17
111 18
111 22
111 30
111 62
111 63
111 64
111 82
111 90
111 106
111 130
111 132
111 135
111 136
111 137
111 138
111 150
111 161
111 163
111 187
111 188
111 193
111 194
111 210
111 211
111 221
111 222
111 224
111 230
111 242
111 247
111 248
111 288
111 292
111 297
111 341
111 342
111 343
111 347
111 386
111 396
111 397
111 407
111 415
111 427
111 428
111 429
111 430
111 440
111 446
111 482
111 483
111 484
111 485
111 489
111 494
111 495
111 506
111 507
111 519
111 521
111 526
111 559
111 560
111 564
113 13
113 22
113 34
113 63
113 64
113 74
113 80
113 92
113 105
113 106
113 171
113 172
113 173
113 174
113 176
113 181
113 210
113 221
113 248
113 250
113 262
113 270
113 291
113 292
113 297
113 302
113 310
113 316
113 339
113 342
113 365
113 386
113 412
113 413
113 414
113 415
113 425
113 427
113 435
113 436
113 437
113 447
113 455
113 456
113 506
113 507
113 512
113 517
115 5
115 35
115 40
115 48
115 73
115 79
115 94
115 95
115 107
115 109
115 126
115 128
115 129
115 137
115 143
115 144
115 164
115 175
115 188
115 225
115 271
115 272
115 274
115 301
115 306
115 307
115 309
115 310
115 312
115 314
115 322
115 327
115 328
115 347
115 358
115 369
115 375
115 376
115 378
115 384
115 412
115 434
115 464
115 468
115 489
115 507
115 520
115 522
115 527
115 542
115 555
115 556
117 27
117 79
117 108
117 117
117 118
117 127
117 128
117 138
117 145
117 157
117 158
117 159
117 160
117 161
117 169
117 170
117 171
117 172
117 178
117 225
117 237
117 238
117 253
117 285
117 289
117 290
117 292
117 302
117 307
117 308
117 328
117 350
117 365
117 366
117 368
117 369
117 370
117 371
117 372
117 374
117 377
117 385
117 413
117 415
117 445
117 454
117 464
117 476
117 477
117 483
117 496
117 511
117 527
117 528
117 536
117 544
117 562
119 14
119 20
119 26
119 27
119 57
119 71
119 91
119 92
119 102
119 103
119 118
119 127
119 145
119 146
119 153
119 154
119 156
119 178
119 188
119 189
119 191
119 202
119 221
119 222
119 223
119 234
119 242
119 244
119 245
119 246
119 249
119 291
119 300
119 301
119 302
119 333
119 351
119 377
119 382
119 408
119 409
119 421
119 422
119 434
119 435
119 444
119 445
119 461
119 462
119 463
119 464
119 465
119 483
119 496
119 509
119 542
119 544
119 545
119 561
121 4
121 5
121 14
121 15
121 50
121 77
121 79
121 99
121 118
121 153
121 157
121 198
121 217
121 218
121 235
121 242
121 245
121 246
121 247
121 249
121 266
121 281
121 292
121 293
121 311
121 313
121 316
121 338
121 362
121 421
121 424
121 426
121 427
121 429
121 477
121 482
121 483
121 484
121 490
121 517
121 526
121 532
121 548
121 553
121 554
123 16
123 23
123 28
123 30
123 31
123 32
123 36
123 37
123 42
123 43
123 45
123 46
123 72
123 73
123 81
123 130
123 131
123 132
123 153
123 155
123 176
123 183
123 212
123 235
123 247
123 248
123 262
123 296
123 314
123 315
123 316
123 317
123 318
123 319
123 338
123 350
123 351
123 363
123 369
123 370
123 373
123 374
123 379
123 389
123 390
123 391
123 404
123 410
123 411
123 412
123 416
123 417
123 422
123 431
123 435
123 443
123 470
123 471
123 472
123 473
123 477
123 495
123 496
123 497
123 499
123 518
123 519
123 520
123 532
127 22
127 23
127 29
127 34
127 35
127 51
127 64
127 65
127 77
127 88
127 90
127 97
127 98
127 132
127 133
127 135
127 136
127 137
127 143
127 154
127 165
127 172
127 191
127 192
127 193
127 211
127 231
127 250
127 271
127 275
127 289
127 301
127 312
127 316
127 332
127 345
127 347
127 362
127 366
127 367
127 385
127 392
127 395
127 396
127 397
127 398
127 400
127 415
127 421
127 429
127 430
127 432
127 433
127 446
127 449
127 450
127 456
127 468
127 473
127 474
127 500
127 503
127 505
127 541
127 545
127 546
129 21
129 22
129 24
129 26
129 27
129 40
129 41
129 64
129 65
129 79
129 80
129 99
129 135
129 136
129 145
129 147
129 154
129 160
129 161
129 182
129 189
129 197
129 198
129 207
129 237
129 244
129 245
129 262
129 275
129 276
129 285
129 297
129 346
129 348
129 362
129 363
129 364
129 386
129 404
129 405
129 412
129 413
129 428
129 435
129 436
129 437
129 442
129 447
129 448
129 450
129 451
129 454
129 456
129 504
129 514
129 556
129 562
131 5
131 18
131 23
131 25
131 26
131 39
131 40
131 41
131 47
131 63
131 100
131 123
131 133
131 146
131 156
131 157
131 159
131 160
131 208
131 229
131 230
131 231
131 242
131 276
131 282
131 319
131 320
131 362
131 363
131 364
131 377
131 403
131 408
131 420
131 429
131 432
131 442
131 463
131 500
131 501
131 502
131 529
131 531
131 537
131 565
133 15
133 26
133 36
133 38
133 42
133 90
133 93
133 94
133 102
133 104
133 112
133 131
133 132
133 137
133 159
133 190
133 213
133 218
133 237
133 238
133 249
133 250
133 251
133 292
133 293
133 297
133 306
133 319
133 321
133 322
133 330
133 334
133 335
133 336
133 345
133 348
133 349
133 364
133 372
133 383
133 400
133 402
133 403
133 409
133 429
133 432
133 443
133 444
133 446
133 451
133 452
133 476
133 483
133 484
133 485
133 497
133 498
133 499
133 508
133 509
133 529
133 560
133 561
135 3
135 28
135 29
135 36
135 48
135 96
135 98
135 104
135 105
135 116
135 117
135 143
135 177
135 178
135 186
135 200
135 202
135 212
135 213
135 214
135 243
135 249
135 251
135 259
135 260
135 261
135 263
135 290
135 291
135 293
135 337
135 338
135 340
135 341
135 342
135 344
135 349
135 371
135 401
135 402
135 403
135 404
135 414
135 421
135 425
135 433
135 471
135 475
135 476
135 525
135 538
135 551
135 558
137 7
137 30
137 47
137 48
137 59
137 73
137 77
137 96
137 100
137 105
137 113
137 118
137 124
137 125
137 127
137 132
137 149
137 150
137 175
137 176
137 177
137 178
137 181
137 228
137 244
137 245
137 259
137 262
137 268
137 284
137 291
137 292
137 293
137 315
137 328
137 335
137 341
137 342
137 344
137 345
137 363
137 384
137 395
137 396
137 403
137 432
137 483
137 498
137 505
137 506
137 530
137 533
137 550
137 551
139 5
139 14
139 23
139 49
139 58
139 71
139 73
139 84
139 97
139 98
139 99
139 100
139 116
139 124
139 125
139 126
139 144
139 149
139 156
139 161
139 180
139 182
139 183
139 188
139 217
139 251
139 259
139 272
139 273
139 295
139 296
139 321
139 326
139 327
139 329
139 349
139 350
139 365
139 369
139 374
139 381
139 406
139 407
139 409
139 412
139 413
139 422
139 431
139 440
139 447
139 448
139 454
139 460
139 496
139 502
139 503
139 504
139 505
139 506
139 533
139 543
139 548
141 18
141 19
141 23
141 24
141 37
141 38
141 39
141 47
141 54
141 62
141 81
141 84
141 88
141 102
141 131
141 132
141 133
141 153
141 158
141 172
141 182
141 183
141 188
141 189
141 190
141 194
141 221
141 250
141 251
141 257
141 258
141 265
141 296
141 346
141 358
141 376
141 378
141 407
141 408
141 412
141 413
141 418
141 429
141 431
141 432
141 434
141 444
141 456
141 463
141 478
141 505
141 506
141 518
141 534
141 540
141 541
141 545
141 546
141 553
143 19
143 31
143 32
143 33
143 47
143 48
143 62
143 63
143 96
143 97
143 116
143 132
143 166
143 181
143 182
143 184
143 191
143 214
143 220
143 221
143 223
143 224
143 225
143 230
143 231
143 251
143 259
143 262
143 263
143 264
143 310
143 331
143 351
143 355
143 356
143 364
143 376
143 380
143 414
143 416
143 421
143 430
143 431
143 432
143 433
143 435
143 436
143 437
143 447
143 448
143 453
143 462
143 470
143 514
143 525
143 526
143 531
143 532
143 537
143 538
143 539
143 544
143 551
145 7
145 8
145 29
145 56
145 127
145 132
145 151
145 171
145 194
145 206
145 209
145 222
145 223
145 224
145 260
145 294
145 295
145 322
145 323
145 325
145 330
145 331
145 333
145 335
145 416
145 417
145 423
145 425
145 432
145 433
145 453
145 471
145 472
145 489
145 504
145 505
145 524
145 526
145 536
147 95
